object FormBasic: TFormBasic
  Size.Width = 360.000000000000000000
  Size.Height = 640.000000000000000000
  SavedSizeWidth = 360s
  SavedSizeHeight = 640s
end
